7 1001
0 1000
0 1000
0 1100
0 1001
0 1000
0 1000
0 1000
0 1000
0 1100
0 1001
0 1000
0 1000
0 1000
0 1000
0 1100
0 0001
0 0000
0 0000
0 0000
0 0000
0 0000
0 0000
0 0000
0 0000
0 0000
0 0000
0 0000
0 0000
9 0110
0 0001
0 0110
0 0001
6 0000
0 0000
0 0000
0 0000
5 0110
0 0001
0 0000
0 0000
0 0010
0 0000
0 0000
0 0000
0 1000
0 0000
0 1100
0 0001
0 0000
0 0010
0 0000
0 0000
0 1000
0 0000
0 0000
0 0100
12 1001
0 0000
0 0000
0 0000
0 0000
0 0010
0 0100
0 0011
0 0000
19 1100
0 0001
0 0000
0 0000
0 0000
21 0000
0 0000
0 0000
0 0000
0 0000
0 0000
0 0000
20 1100
0 0101
0 1001
0 0010
0 0000
0 0000
0 0000
0 0000
0 0100
10 0011
0 0000
0 0000
0 0000
0 0000
14 0000
0 0000
0 0000
0 0100
0 0101
13 1001
0 0000
0 0000
0 0000
0 0000
0 0000
0 1010
0 0010
0 0000
0 0000
0 0100
3 0011
0 0000
0 0000
0 0100
0 0001
0 0000
0 0000
0 0000
0 0000
0 0000
0 0100
0 1001
0 1100
0 0001
0 0000
0 0000
0 1000
0 0000
0 0000
0 0100
0 0001
0 0000
0 0000
0 0000
0 0000
0 0000
0 0100
0 0011
0 0110
0 0001
0 0000
0 0000
0 0000
0 0000
0 0000
0 0100
0 0001
0 0000
0 0000
0 0100
15 0011
0 0000
0 0010
0 1000
0 1000
0 0000
0 0000
0 0000
0 0100
8 0011
0 0000
0 0100
0 0011
0 0000
0 0000
0 0000
0 1000
0 0100
17 1001
0 0000
0 0000
0 0000
0 0000
0 0000
0 0000
0 1000
0 0000
0 0100
0 1001
0 0000
0 0000
0 0000
0 0000
0 0000
0 0000
0 0010
0 0000
18 0110
0 0001
0 0000
0 0000
0 0000
0 0000
0 0110
0 0001
0 0010
0 0000
0 0000
0 0000
0 0000
0 0000
1 1100
0 0001
0 1000
0 0000
0 0000
0 0000
0 0000
0 0010
0 1100
0 0001
2 1100
0 0001
0 0000
0 0000
0 0000
0 0000
0 0000
0 0000
0 0000
0 0010
0 0000
0 0000
0 0000
16 1100
0 0101
0 0001
0 0000
0 0000
11 0110
0 0001
0 0000
0 0000
0 0000
0 0000
0 0100
4 1001
0 0000
0 0000
0 0000
0 0000
0 0100
0 0011
0 0010
0 0010
0 1010
0 0110
0 0011
0 0010
0 0010
0 0010
0 0010
0 0010
0 0110
0 0011
0 0010
0 0010
0 0110
